414
55
706
848
56
734
529
327
231
410
635
680
333
771
147
326
60
418
350
620
731
818
965
64
293
313
843
147
171
556
348
899
738
961
207
228
447
761
940
545
361
538
916
678
134
470
371
549
974
510
833
909
632
134
940
795
483
729
847
182
151
806
518
739
448
918
255
989
71
895
843
945
70
657
265
409
340
933
229
474
617
846
44
255
122
863
900
379
311
613
244
476
392
376
613
622
747
368
711
417
51
601
621
461
392
564
404
842
645
813
507
237
860
435
582
167
86
865
73
144
402
155
634
37
353
167
147
77
783
181
148
107
124
895
3
891
639
889
889
747
125
915
284
27
933
612
690
488
882
160
602
805
484
74
50
562
772
216
524
757
16
340
620
129
526
878
35
571
999
897
379
366
741
399
579
933
795
142
467
863
915
704
830
571
855
67
240
497
136
217
259
533
774
463
78
700
758
796
933
302
227
880
417
645
539
406
806
644
761
137
301
504
984
145
389
114
465
22
418
938
583
584
818
910
811
740
834
794
125
302
705
864
472
473
208
409
188
564
603
483
478
776
667
20
801
686
369
121
597
194
464
697
636
385
978
431
268
762
496
538
586
13
976
186
934
150
332
927
856
784
770
317
930
988
164
760
782
991
193
531
247
684
884
991
665
785
179
21
152
627
593
362
487
981
724
158
694
518
508
299
739
47
309
382
519
371
785
458
5
151
639
71
386
623
613
411
850
233
463
91
41
355
584
248
433
559
68
783
421
159
270
259
612
963
783
542
833
974
784
970
53
744
496
975
473
457
617
614
708
270
982
386
951
242
960
980
246
192
654
97
269
946
846
819
782
399
340
965
531
167
472
340
85
276
833
822
839
315
207
259
746
735
920
177
557
674
19
31
835
854
15
74
475
439
995
826
126
667
389
163
666
786
224
6
687
748
210
656
122
987
976
10
393
543
50
50
396
625
708
848
719
151
201
477
167
959
827
286
505
259
534
165
998
610
927
972
714
375
824
366
413
774
230
531
420
660
427
637
46
425
794
787
886
458
490
69
733
567
694
860
195
711
671
307
246
822
946
628
129
701
64
684
334
60
258
782
111
380
703
73
279
952
925
261
987
720
892
260
500
889
676
515
760
18
487
9
525
156
865
888
541
303
586
593
271
335
867
718
599
204
259
189
952
826
999
580
361
631
878
821
702
670
160
282
740
63
331
838
555
568
965
94
733
550
805
548
457
12
755
501
859
891
342
49
285
961
696
297
682
457
532
174
689
625
276
810
629
152
770
879
183
211
323
442
646
319
836
734
758
398
60
268
370
395
615
449
237
168
679
340
409
778
302
749
75
173
836
943
561
519
946
749
593
662
875
926
569
305
802
46
909
742
1000
833
930
358
142
427
836
134
80
500
26
384
213
475
822
557
549
752
783
846
414
684
68
877
342
620
294
347
190
823
889
427
34
989
549
956
446
229
359
862
371
857
317
800
436
485
388
762
923
319
330
460
565
945
212
581
336
729
109
569
66
556
363
692
775
525
602
797
69
804
463
72
326
618
499
166
869
845
248
129
787
855
704
941
253
78
513
668
446
632
150
107
47
720
694
106
222
319
70
570
914
672
609
663
106
582
466
769
507
111
462
643
879
116
755
132
725
81
883
725
568
788
742
584
127
953
383
119
857
416
145
409
796
51
350
829
231
871
188
349
703
764
886
58
437
745
292
666
681
955
761
616
41
227
706
928
141
919
345
752
971
167
895
496
774
366
40
255
72
920
750
161
1
261
146
358
212
48
214
624
304
273
934
102
950
846
211
511
504
335
124
785
667
901
787
889
866
705
904
284
408
898
809
202
443
131
718
766
806
734
761
466
300
931
24
81
721
908
204
896
446
638
632
432
194
285
41
557
117
241
128
705
329
114
190
699
534
594
336
462
166
289
689
760
751
641
20
120
520
697
992
117
219
16
427
861
847
840
619
781
854
874
258
590
465
239
374
849
581
387
321
110
587
172
292
879
813
698
965
542
108
121
417
837
24
48
658
539
774
367
118
12
796
675
819
328
852
307
519
808
739
794
349
408
2
510
575
606
952
243
109
900
241
300
812
583
716
32
308
759
218
503
517
624
772
789
4
191
263
21
491
873
583
944
625
513
515
701
636
133
673
173
904
10
608
289
905
142
712
892
108
990
707
827
575
859
857
258
43
835
218
218
878
543
668
70
495
249
191
607
922
283
744
863
960
26
844
365
782
449
91
934
18
140
728
726
41
136
987
688
375
62
602
981
372
789
676
788
541
356
280
901
983
341
560
136
215
765
760
673
310
836
11
935
853
770
488
511
827
834
205
280
917
428
119
49
909
849
606
769
687
991
622
742
832
777
841
252
132
996
847
153
3
766
153
679
744
111
372
803
834
508
656
297
274
568
581
799
436
321
324
562
238
89
851
852
995
801
103
165
519
210
473
580
470
907
509
90
396
856
899
564
527
150
530
635
941
21
588
445
10
907
279
969
123
452
360
51
664
932
110
43
997
698
968
904
104
836
391
828
995
942
796
735
642
784
461
56
707
17
22
825
923
494
733
522
762
557
399
245
847
771
748
230
714
162
406
798
813
45
597
914
673
141
630
666
642
830
426
839
426
500
72
726
445
729
576
484
589
297
264
183
620
287
158
584
460
510
124
446
918
674
104
350
306
967
25
160
578
810
200
690
943
183
637
835
736
636
673
516
938
244
214
427
143
939
598
338
972
83
718
227
472
576
458
552
643
694
15
135
720
954
784
236
458
632
28
322
318
806
319
28
744
157
988
276
999
397
362
885
648
563
399
314
140
745
299
313
911
452
125
493
794
871
309
965
438
788
146
335
269
225
260
546
369
949
986
935
211
212
496
965
610
607
903
149
109
567
193
536
632
464
741
567
462
37
722
38
90
465
526
604
263
209
317
242
221
672
453
391
284
228
489
304
984
790
57
478
274
520
161
635
481
336
827
790
105
584
625
428
245
795
966
173
663
563
825
27
285
822
666
864
628
360
925
231
87
122
662
547
742
730
14
771
195
772
722
58
13
475
157
447
665
280
129
720
469
850
986
988
429
391
843
320
398
868
637
690
805
998
568
667
11
309
37
153
310
718
550
828
931
943
854
22
463
413
295
602
685
408
544
96
608
429
163
159
322
612
112
315
675
830
824
230
810
944
185
434
350
243
681
400
344
954
536
202
84
435
312
920
458
975
468
837
549
638
936
755
788
522
671
646
96
11
232
256
64
491
502
450
686
838
941
179
591
315
869
367
5
52
379
423
4
697
928
884
27
277
7
383
652
28
609
602
896
942
830
94
586
221
215
956
840
119
379
114
76
68
484
921
633
521
150
978
320
616
111
481
629
499
913
896
213
972
832
818
417
597
954
633
446
197
589
521
295
984
554
795
105
571
530
416
544
485
79
127
299
632
911
412
490
469
444
624
284
927
225
660
499
519
497
590
947
510
447
365
399
481
408
305
861
910
995
598
960
817
515
202
747
51
512
331
701
553
197
163
398
987
18
866
148
328
900
68
100
36
938
389
604
827
309
861
6
44
896
659
439
913
209
130
488
476
935
578
826
405
552
433
689
326
983
229
435
711
179
916
147
289
609
589
961
216
672
810
246
76
196
823
155
89
124
826
985
72
941
858
337
384
574
193
607
940
858
728
45
770
895
184
386
737
536
49
935
779
320
903
150
409
264
789
319
359
122
382
379
988
694
203
798
237
204
349
389
538
277
979
686
460
735
46
202
737
374
945
436
12
226
442
317
424
24
45
643
26
269
855
673
836
92
781
988
160
202
865
208
329
786
13
38
159
805
450
723
3
73
783
107
381
513
721
381
24
811
25
209
736
473
543
25
362
51
196
7
469
56
12
849
964
371
508
766
486
375
410
912
888
676
855
144
58
953
465
280
253
999
780
457
475
823
782
230
585
293
314
720
739
717
661
631
508
73
590
64
832
441
566
100
767
363
853
75
795
845
371
477
457
826
175
707
893
267
80
30
477
920
538
623
903
149
64
93
670
211
112
299
440
566
450
879
737
648
889
553
448
789
755
109
664
348
34
877
729
582
915
136
216
208
598
781
659
213
623
750
125
163
799
295
144
450
746
961
777
908
572
410
318
506
349
39
257
3
771
667
721
896
793
325
968
912
329
998
718
796
154
961
842
278
262
923
561
293
824
133
824
170
229
170
293
652
728
458
391
170
402
816
156
298
644
405
504
942
536
805
610
32
473
702
821
51
57
162
490
536
928
745
166
880
4
559
665
873
797
904
753
621
778
868
767
30
522
593
885
840
448
678
324
288
631
706
467
476
156
518
577
867
813
658
994
288
905
368
133
964
860
69
749
404
418
332
163
756
604
777
605
520
61
384
191
941
908
981
762
66
118
393
66
110
912
177
530
911
887
666
240
372
448
216
937
23
973
716
394
86
327
859
836
337
424
825
577
32
851
640
99
530
205
712
524
744
993
906
85
350
384
69
460
46
496
291
421
768
158
431
151
839
313
433
402
732
111
461
590
183
882
698
484
170
469
51
695
256
142
114
440
259
875
849
870
147
131
974
703
469
696
852
45
223
12
473
465
797
18
480
7
187
681
708
561
555
557
899
121
538
109
727
424
276
32
112
557
888
78
40
598
16
617
310
185
39
201
892
91
993
902
438
133
524
3
109
14
627
293
110
997
989
930
107
57
543
902
174
899
861
93
201
682
978
864
203
526
832
260
10
963
202
807
479
902
266
432
444
969
218
740
787
70
456
130
333
94
267
138
417
87
321
202
192
29
848
432
327
841
825
750
311
962
320
89
363
158
79
289
283
179
268
661
420
477
511
807
404
313
950
929
267
414
222
719
688
415
923
588
156
13
810
4
630
680
266
265
410
843
884
627
558
165
2
743
48
979
601
189
501
568
485
826
378
967
248
27
896
463
393
164
551
786
710
189
157
557
420
820
807
982
710
244
496
817
298
801
510
221
17
7
720
413
182
553
977
389
395
226
209
460
850
502
900
887
470
407
753
959
82
715
37
708
213
741
187
134
413
666
84
180
973
892
115
630
534
340
772
63
596
332
617
141
77
149
558
443
932
186
243
683
181
307
377
407
457
7
748
143
75
749
570
697
441
633
5
733
695
341
886
885
781
414
194
814
388
559
588
512
483
91
334
243
973
425
183
464
703
573
764
848
231
73
998
193
38
227
976
236
649
267
409
778
920
620
647
781
106
895
832
864
246
394
617
197
2
165
677
84
747
880
145
770
533
401
585
944
702
681
308
57
974
417
261
705
457
558
526
770
402
603
132
658
380
951
24
304
85
987
107
898
516
550
250
731
809
502
428
355
3
114
565
830
706
434
93
161
157
84
359
659
243
677
948
440
173
51
871
195
492
776
142
913
712
752
770
86
556
47
882
27
775
995
696
573
242
750
691
415
467
117
517
634
803
545
302
961
219
192
871
638
211
308
443
442
362
278
477
57
710
383
998
345
231
999
309
237
852
224
905
351
17
170
689
402
490
464
898
385
38
920
283
761
674
599
44
837
209
432
305
559
134
987
527
646
694
357
53
562
425
497
979
958
992
457
204
517
662
115
827
868
138
733
974
703
898
105
177
748
622
481
281
865
355
739
280
12
187
468
847
117
908
612
3
75
644
838
97
571
293
4
682
494
335
525
32
829
931
644
552
571
28
377
194
548
610
79
792
350
296
568
213
330
865
638
226
827
955
480
82
96
257
442
460
482
711
370
487
465
411
427
768
106
763
244
586
832
266
33
392
692
853
646
568
803
938
654
302
27
754
208
425
791
459
668
763
108
455
655
901
759
35
105
967
899
780
798
380
35
548
938
850
502
867
763
704
952
971
613
222
653
513
72
541
323
440
667
7
249
972
11
507
594
438
117
267
371
149
707
386
494
310
45
974
615
839
350
123
398
65
599
261
56
382
255
708
408
870
531
394
358
463
300
246
915
226
995
398
442
703
462
881
585
616
287
890
185
664
280
577
991
691
682
690
336
998
58
939
506
670
752
84
88
798
500
567
850
231
350
604
853
892
805
475
354
990
137
800
834
687
747
740
381
141
728
526
238
805
586
449
974
173
32
436
897
368
362
911
732
345
312
420
994
13
778
831
878
295
764
82
55
797
846
8
831
605
469
409
817
57
921
3
613
982
431
899
682
338
165
329
187
28
698
940
806
998
34
222
97
619
825
171
124
338
837
531
538
60
87
408
557
20
776
426
548
124
957
929
43
464
754
650
985
115
734
55
514
785
946
178
899
169
973
31
870
182
40
955
911
12
788
552
379
63
354
360
200
56
334
579
626
677
572
766
444
804
739
181
647
250
910
616
810
830
142
927
383
746
292
894
477
364
576
194
974
699
751
558
178
102
772
708
355
927
961
200
176
325
860
335
991
257
724
301
105
280
962
865
891
997
181
152
603
154
354
725
529
346
357
721
811
262
103
489
447
185
75
979
103
69
106
771
789
355
280
669
848
200
963
570
87
694
697
692
52
235
284
875
589
982
770
142
322
116
245
107
565
815
255
178
285
523
929
532
434
406
778
774
491
125
799
489
146
386
101
529
71
974
743
637
22
947
486
206
207
658
939
629
150
474
2
391
15
200
742
36
547
816
247
983
206
232
327
509
266
702
983
839
587
952
703
482
788
374
875
351
341
73
352
496
232
197
215
917
29
734
430
652
712
779
524
439
672
322
697
131
205
729
904
760
257
23
490
585
183
831
469
699
999
535
826
136
188
461
716
562
996
343
419
57
478
758
852
290
501
422
371
392
492
6
744
930
212
611
353
679
461
816
558
258
946
468
104
524
383
813
987
937
515
579
389
182
239
56
937
971
175
478
828
186
550
277
611
22
624
313
120
192
386
825
776
770
493
712
861
515
82
977
101
995
151
118
565
940
78
25
609
513
846
768
839
581
406
315
921
409
274
507
376
680
764
171
453
223
618
625
723
828
714
11
562
317
475
1
584
380
719
580
258
17
629
302
708
509
355
841
674
436
940
843
154
510
503
388
562
588
87
791
183
973
643
221
32
246
146
499
340
981
52
736
333
57
783
201
137
214
297
38
551
429
397
942
948
910
431
93
705
371
356
149
373
136
841
785
333
668
818
257
754
550
149
480
110
127
368
468
5
837
515
167
976
646
272
420
509
554
190
982
130
107
624
667
714
392
186
98
354
711
335
1000
867
619
665
429
545
959
378
956
352
570
812
927
278
267
854
853
428
632
182
512
503
652
266
322
151
867
646
555
969
599
453
167
498
636
979
62
613
873
978
410
4
600
854
292
622
280
247
26
619
504
122
957
970
940
293
76
691
511
194
813
497
17
57
222
290
648
111
905
551
512
754
97
50
850
74
300
542
741
553
859
722
975
568
840
634
456
362
773
528
247
562
400
498
191
833
980
825
445
248
247
985
165
799
235
701
538
80
720
139
78
647
450
645
603
821
415
220
718
537
3
629
74
903
296
361
503
479
620
894
706
442
867
820
825
293
821
119
592
808
561
472
561
406
587
673
816
756
592
871
921
350
820
893
713
745
498
152
414
706
588
356
928
935
211
600
830
453
535
233
417
546
240
711
375
700
650
750
801
816
160
887
671
748
58
985
123
355
861
901
158
576
877
741
535
16
157
462
912
248
451
192
829
866
297
155
854
131
367
454
297
22
538
35
13
238
931
28
510
845
635
107
269
611
899
192
228
737
357
457
160
789
202
883
676
870
2
733
44
270
127
339
237
11
104
653
906
319
421
326
220
858
477
832
916
875
458
61
46
416
220
232
474
747
629
330
440
76
884
808
554
621
793
80
699
247
395
555
615
691
772
551
353
923
683
48
602
998
418
199
968
477
375
978
774
120
29
199
769
569
602
748
39
916
634
536
122
536
144
782
272
584
610
151
768
527
960
109
513
443
934
347
876
683
514
91
910
273
139
441
254
123
699
53
225
543
110
865
283
717
36
258
609
83
561
600
895
688
899
25
695
99
999
750
592
897
46
705
753
611
226
144
446
418
959
654
560
262
519
821
823
780
751
199
423
681
747
818
738
419
503
262
630
733
522
763
907
488
975
619
12
48
252
120
98
816
714
452
525
357
467
822
773
874
140
98
229
431
670
818
464
670
907
845
379
275
706
134
742
589
759
32
832
488
900
547
471
439
384
52
882
600
604
763
56
258
736
515
754
712
167
725
77
445
245
613
556
529
907
369
37
726
136
434
585
153
643
25
574
951
563
167
774
876
985
882
134
728
346
309
928
629
985
404
782
444
753
973
996
30
123
364
644
468
196
877
37
334
180
254
526
714
634
194
206
501
285
726
908
482
785
505
233
237
295
785
339
67
210
594
612
849
292
703
400
859
304
683
931
609
897
280
206
643
547
386
808
736
611
912
167
674
53
52
404
134
170
270
971
793
562
343
475
387
793
602
13
141
358
243
648
530
930
863
104
145
82
611
278
264
118
353
358
718
670
814
570
283
203
938
40
461
790
435
763
492
568
320
239
59
557
641
40
822
541
544
551
76
148
505
922
730
560
138
892
879
640
795
752
9
561
425
99
871
779
849
386
541
852
102
377
654
701
237
461
462
317
689
532
768
991
176
281
164
175
949
369
73
493
112
793
744
607
888
411
85
754
115
51
170
46
7
711
338
758
460
205
463
746
291
638
513
749
81
942
419
3
702
682
413
326
792
678
211
835
309
913
982
438
586
291
506
777
766
156
712
412
413
60
520
383
558
281
739
898
337
307
585
995
172
119
838
362
427
587
202
856
480
292
742
496
871
563
551
785
123
614
824
381
670
205
490
361
19
31
718
971
818
606
228
698
388
606
857
980
350
497
231
62
252
831
507
802
460
929
208
889
816
650
636
913
192
140
509
221
953
142
515
166
817
383
392
712
513
487
564
660
624
873
93
287
386
893
677
679
786
769
660
402
61
640
697
405
562
743
615
800
516
359
155
165
482
404
144
280
984
761
546
147
528
926
670
104
474
533
485
845
186
770
274
182
630
389
476
146
982
888
452
689
149
758
515
820
614
567
923
294
306
4
192
494
434
11
719
880
62
80
250
703
958
888
699
419
50
793
251
597
831
744
591
759
687
19
173
310
126
666
817
734
560
601
358
228
52
610
366
352
717
521
261
875
177
838
388
918
683
183
759
35
36
776
85
645
357
177
11
707
911
676
113
29
987
189
289
411
224
274
734
199
502
747
19
349
272
857
100
926
898
678
946
272
688
708
710
474
439
749
169
165
683
585
406
719
862
919
497
503
191
496
658
747
223
244
381
362
680
706
513
38
430
892
17
289
130
590
237
880
822
333
183
776
57
787
819
711
660
10
894
8
389
823
968
597
143
667
882
766
28
184
306
417
930
224
69
280
277
797
389
231
844
863
36
522
609
173
739
721
583
99
662
578
370
635
484
73
615
558
5
278
44
157
40
424
676
420
518
258
904
495
803
926
926
16
645
608
294
681
417
507
297
301
567
29
872
934
836
790
552
829
826
459
174
676
919
68
299
156
743
109
61
889
705
669
333
912
150
305
918
392
712
65
760
318
82
371
61
672
734
113
984
881
87
405
487
303
724
458
879
509
483
492
388
223
174
567
233
667
151
620
557
268
672
465
810
416
925
948
961
994
390
67
557
872
315
386
874
4
354
651
329
803
68
764
40
505
920
94
953
327
210
566
270
139
554
174
941
805
476
53
546
98
64
402
181
674
724
724
499
207
483
595
879
872
913
527
906
622
142
141
994
593
875
863
982
949
482
256
161
895
548
38
217
464
546
908
680
978
410
732
271
581
201
858
90
246
207
845
855
553
880
766
420
296
7
682
320
525
450
719
261
884
381
871
141
853
369
339
506
514
140
899
97
206
246
448
723
177
265
980
169
805
9
506
844
402
885
559
904
680
963
689
749
963
418
778
158
125
546
637
226
261
465
340
990
739
233
384
140
311
590
189
122
448
992
580
790
69
980
370
971
900
286
887
517
737
981
328
583
842
838
374
963
403
397
516
424
834
107
409
731
542
352
757
166
340
460
603
728
354
351
206
806
889
775
611
470
512
673
981
409
90
547
268
885
29
178
729
951
137
398
774
724
408
900
710
197
528
919
839
358
692
972
778
466
316
739
745
434
735
403
171
118
600
409
529
933
348
15
352
468
665
659
490
543
226
58
18
55
468
711
299
378
225
605
188
820
765
75
128
882
665
149
880
980
558
817
258
994
56
435
762
433
80
994
465
580
32
543
877
225
573
737
189
468
316
909
237
519
729
118
895
799
394
821
550
394
969
953
190
504
638
185
53
138
341
271
346
625
93
829
903
927
212
393
910
422
535
552
416
873
231
123
338
26
332
638
294
553
501
567
575
429
149
325
813
428
354
847
918
415
980
919
772
886
977
849
858
302
331
509
779
973
13
135
205
188
588
919
22
961
27
944
365
804
696
196
881
480
127
844
362
714
243
856
774
23
318
419
234
462
13
865
777
319
220
387
214
963
350
260
708
637
282
42
779
137
960
137
176
69
676
932
311
450
363
118
711
233
320
446
316
177
836
631
802
964
736
543
332
897
197
575
75
556
789
704
35
791
857
746
351
923
59
531
690
687
945
665
766
555
563
515
515
28
834
349
565
865
834
628
92
912
287
659
890
408
259
140
693
824
396
68
397
192
907
149
195
312
492
681
760
751
887
336
604
205
262
394
723
216
372
758
590
92
331
398
700
302
745
863
491
538
342
335
689
542
751
56
395
180
519
788
776
212
4
118
872
325
609
834
737
163
315
882
686
767
21
394
929
737
216
833
338
97
901
674
244
676
459
415
448
287
284
22
485
862
497
363
242
897
536
602
142
548
21
22
438
738
965
930
242
4
451
504
826
58
411
804
812
973
137
367
866
666
316
474
558
106
244
843
659
142
193
140
190
216
337
573
79
933
963
269
84
846
541
264
671
883
948
50
658
758
671
684
616
66
19
799
123
295
760
952
543
53
301
609
53
580
960
536
723
262
879
785
183
401
946
369
40
484
939
425
863
376
600
509
24
669
151
683
132
828
811
76
959
619
37
39
761
614
292
842
340
896
590
464
212
132
388
272
211
581
970
140
775
725
452
705
617
608
732
778
731
848
978
624
670
176
592
628
647
850
460
984
646
610
404
888
847
969
727
630
204
173
32
334
441
483
71
197
453
147
132
606
910
840
275
334
890
88
667
682
812
765
580
670
603
669
892
81
358
364
775
643
481
784
178
508
398
72
350
802
600
535
101
188
32
491
48
636
262
221
664
120
28
350
596
866
764
783
105
99
592
573
58
105
599
688
380
930
567
192
267
1000
912
120
713
167
239
567
627
296
583
879
802
666
89
687
167
741
916
571
912
29
929
346
620
392
810
974
16
796
455
388
606
324
829
30
96
712
182
960
849
309
890
756
880
809
1
890
168
499
419
487
136
967
482
441
806
853
19
574
297
115
813
5
116
499
313
418
459
823
940
494
263
596
601
292
12
818
506
134
851
402
381
413
163
456
433
210
403
167
125
816
268
902
540
15
267
180
415
397
818
501
13
42
356
306
22
919
2
620
753
873
14
37
138
982
466
673
377
239
860
89
230
771
166
287
653
617
930
950
354
817
957
968
284
337
899
366
414
250
828
498
29
706
517
33
22
561
370
590
835
509
482
739
908
767
700
899
615
619
946
841
589
136
260
532
94
720
581
101
733
513
598
401
250
20
956
896
835
963
113
354
809
690
480
682
618
132
426
725
119
318
367
858
898
269
359
915
171
478
594
420
543
181
188
809
805
577
120
454
80
235
829
632
828
194
505
948
886
85
10
730
760
404
516
497
140
47
314
672
796
356
853
23
958
133
311
775
179
710
240
482
951
248
396
45
979
22
337
798
265
904
78
479
731
694
970
700
775
434
448
464
362
141
874
186
662
1
232
372
687
571
714
126
359
486
936
227
238
288
803
832
187
552
862
123
794
531
201
127
318
235
956
138
674
744
606
893
949
468
192
911
624
492
790
585
438
138
642
65
681
394
676
222
90
465
245
649
897
268
459
515
813
460
745
286
858
466
568
698
391
73
852
160
296
50
335
612
787
868
801
362
923
525
444
91
342
583
799
21
536
813
139
463
685
464
450
936
854
687
533
817
94
571
509
36
379
142
144
278
888
45
175
962
540
77
294
249
118
130
982
323
66
49
62
692
720
800
482
979
780
76
683
310
193
768
824
884
806
258
944
704
298
589
231
943
549
860
109
407
161
676
698
25
344
943
984
108
632
443
167
768
272
887
485
556
412
450
822
468
952
154
383
874
896
648
945
32
281
493
148
84
857
54
520
815
407
548
895
616
886
34
906
686
867
271
6
675
208
144
184
703
396
958
628
479
44
468
481
140
140
123
899
65
608
949
102
25
21
965
110
676
766
70
57
515
16
970
489
859
959
519
255
981
810
474
440
479
997
343
20
749
241
815
127
239
74
140
173
1
610
620
583
471
508
332
248
72
399
271
780
950
624
738
100
713
869
402
285
352
133
969
357
421
610
89
939
945
252
884
303
95
210
856
179
938
442
811
844
298
348
304
592
240
76
499
312
825
309
396
32
449
169
60
134
416
570
582
743
481
294
533
708
305
302
963
214
705
217
466
792
111
460
403
520
252
225
772
232
621
747
860
752
433
70
133
942
690
142
338
280
68
446
480
199
387
581
361
219
20
532
648
176
797
557
218
592
962
226
113
539
420
804
453
562
709
127
244
771
988
748
917
297
207
287
878
254
760
141
459
890
447
793
171
532
227
495
972
883
409
199
603
168
36
231
465
198
811
152
805
363
499
269
505
570
300
403
738
535
475
258
333
808
522
581
76
207
636
431
338
411
610
866
255
823
852
851
453
109
898
644
549
285
689
913
858
996
343
234
84
561
582
78
728
412
780
706
181
100
923
51
857
102
497
745
534
612
997
760
691
290
198
924
844
114
436
75
732
230
511
96
187
897
50
420
850
942
166
492
476
253
368
321
22
794
160
435
270
640
408
101
741
549
107
716
148
933
137
187
593
187
363
707
888
272
649
431
495
984
882
3
21
111
193
502
125
961
307
676
543
203
618
133
870
79
921
136
952
156
805
14
982
632
308
952
332
845
433
316
918
80
272
57
844
910
569
944
866
952
517
481
710
345
273
72
692
737
76
76
625
750
958
214
526
723
934
568
760
908
952
575
743
737
9
147
748
899
583
363
314
618
462
819
153
992
267
211
609
772
766
409
217
911
973
288
983
151
856
375
6
208
989
818
674
405
222
567
301
370
295
444
625
639
247
209
298
464
760
181
143
627
536
402
913
942
751
726
219
675
121
550
223
74
94
735
844
941
982
836
161
124
871
572
440
784
252
169
457
289
891
309
479
63
590
829
853
41
584
862
569
38
581
3
932
407
700
260
699
842
236
809
275
433
616
384
517
65
257
220
87
574
12
662
34
266
156
792
820
57
306
769
723
690
762
856
267
946
211
630
995
248
24
32
809
865
902
774
920
792
521
503
645
947
55
689
660
710
139
619
285
553
762
792
38
942
459
672
688
537
219
806
857
408
376
902
888
192
798
899
428
39
591
444
465
829
511
944
826
108
370
30
467
177
95
131
681
512
424
611
843
370
88
883
737
239
796
64
744
620
840
162
620
827
228
686
311
866
888
562
370
500
408
431
739
285
355
422
18
324
754
397
970
146
664
148
737
531
965
536
406
139
610
637
583
533
752
106
706
666
827
42
641
582
738
238
182
207
439
249
253
533
458
51
77
779
441
526
417
569
370
538
713
568
58
800
888
274
870
102
601
400
540
358
741
277
213
5
928
710
901
459
816
454
348
946
953
786
632
664
700
707
415
303
513
543
105
195
316
618
325
620
513
654
565
183
442
304
695
738
484
267
267
148
446
276
529
851
205
246
300
758
511
622
456
278
286
679
53
467
597
893
135
694
312
1000
232
392
31
688
56
723
764
810
201
245
658
18
507
570
550
798
897
440
839
815
483
48
74
797
599
481
271
646
266
270
815
660
198
797
520
235
397
382
396
360
979
957
481
955
572
534
327
328
14
669
949
215
435
411
468
855
745
446
599
960
327
996
142
566
296
303
336
583
955
365
553
726
24
800
895
746
891
457
815
195
221
695
922
591
821
150
822
817
981
181
922
665
640
937
482
969
934
305
603
758
169
958
653
542
758
787
940
698
993
684
322
30
324
466
267
115
728
281
52
581
268
58
172
206
776
390
336
453
195
475
590
669
504
254
213
333
507
344
298
779
997
732
35
460
130
133
469
820
629
106
848
907
370
52
398
306
43
299
161
353
824
154
299
971
50
363
474
7
485
705
66
155
872
296
671
312
117
691
931
632
978
471
627
93
931
321
396
479
585
440
569
687
425
583
972
900
126
447
719
766
448
124
433
256
201
970
677
749
266
48
777
721
710
59
827
54
557
742
217
885
449
646
665
27
665
939
835
579
135
4
56
41
173
157
104
320
74
600
149
307
330
328
726
243
640
431
347
951
303
169
490
17
783
494
303
103
393
888
371
255
6
933
449
549
387
551
219
511
483
479
504
221
674
866
238
264
844
796
107
819
699
894
678
910
211
593
392
194
522
674
513
763
275
711
351
296
286
841
452
406
257
331
444
557
955
237
946
885
569
98
98
948
633
429
820
637
27
562
902
325
702
650
82
542
789
916
323
101
150
765
556
942
822
362
364
523
107
829
249
308
906
859
256
521
189
729
803
810
586
882
891
961
834
518
599
966
741
575
364
191
176
911
761
175
903
814
571
128
754
147
986
114
468
630
488
86
308
697
599
492
237
338
90
189
142
611
506
445
972
267
323
828
62
71
227
768
55
256
546
222
538
678
486
339
739
294
234
900
377
186
27
624
232
148
61
504
82
14
421
497
186
483
453
417
524
37
656
612
292
106
25
591
926
128
802
612
197
696
573
57
511
854
363
258
255
443
975
368
470
656
330
664
257
172
172
162
803
332
575
981
953
34
436
152
232
540
95
422
736
963
424
343
14
193
401
3
896
316
986
557
250
283
88
355
680
676
196
456
319
611
483
555
69
988
890
444
745
103
1
611
708
603
392
486
121
503
544
95
245
757
717
57
104
439
644
172
199
240
538
760
803
937
466
934
148
968
613
102
732
92
687
36
605
535
890
998
65
564
359
296
416
682
545
337
497
295
699
116
634
47
616
834
18
915
395
708
332
484
435
509
431
774
640
526
925
681
167
314
722
652
823
469
299
25
139
111
22
60
629
829
106
545
830
287
509
383
930
490
752
435
371
369
142
777
718
123
329
792
46
405
296
807
626
232
655
715
952
970
683
4
154
773
30
644
645
196
805
983
644
51
397
271
514
57
842
586
74
916
891
588
387
262
282
64
774
626
806
637
869
887
53
37
259
580
727
510
528
526
43
46
345
970
413
24
866
866
873
966
251
921
234
360
79
131
893
604
353
991
190
801
643
349
618
576
839
775
844
996
971
402
63
228
767
187
956
880
661
298
180
142
471
29
497
701
830
363
109
992
244
778
518
306
789
675
369
775
526
960
879
556
992
910
435
703
673
882
79
74
509
194
417
72
963
407
654
715
890
622
794
224
263
464
265
908
668
551
486
367
680
372
846
502
109
894
598
451
128
210
770
58
720
200
777
774
261
176
766
545
859
424
241
625
660
287
639
740
227
485
488
694
725
366
868
465
693
906
922
206
745
895
728
188
117
975
841
649
536
773
256
403
379
205
488
29
471
443
439
449
604
960
757
449
473
432
652
981
549
34
738
34
929
16
802
457
242
608
572
630
347
161
335
790
875
15
687
536
32
817
344
14
503
878
784
638
877
286
523
802
422
999
676
814
483
62
245
854
183
935
439
107
22
897
362
989
20
328
384
189
613
844
646
793
388
166
294
189
734
769
308
32
152
677
130
438
147
42
205
65
562
653
351
655
370
1
22
26
898
660
182
77
646
678
950
468
74
715
229
169
495
865
56
105
160
174
820
217
382
166
816
102
993
788
985
358
409
157
911
623
437
853
497
674
185
502
760
986
432
726
513
593
359
314
600
349
902
303
85
623
850
53
882
292
242
41
377
961
690
677
522
988
804
224
557
17
161
205
718
987
74
989
648
479
630
70
874
641
410
205
933
356
510
85
895
408
588
861
718
624
17
49
105
806
904
474
310
882
184
82
812
202
8
29
251
792
356
231
904
188
173
474
331
347
639
895
393
430
100
850
892
978
661
657
471
738
391
724
468
58
933
929
635
599
498
244
511
590
756
272
952
379
856
468
52
30
953
763
201
587
778
430
359
217
506
989
247
215
507
75
671
193
536
374
875
533
956
665
211
407
902
773
648
464
733
582
311
37
534
819
59
589
362
723
361
598
176
407
443
261
515
305
430
318
612
33
157
98
926
106
536
251
527
778
420
872
100
510
170
890
456
151
261
601
841
59
634
294
177
437
174
310
970
828
9
132
276
810
365
228
362
775
579
397
824
376
219
676
365
588
905
965
114
264
792
620
721
890
271
510
690
455
424
519
497
790
290
143
372
245
695
270
188
187
519
145
619
43
640
964
721
533
542
805
985
346
970
722
593
375
980
87
984
228
750
74
374
469
872
563
197
476
580
832
638
657
465
157
430
163
346
984
531
4
749
980
53
72
549
631
999
553
209
408
479
628
164
605
321
559
258
78
251
638
238
571
685
504
143
290
345
894
801
570
635
635
235
333
463
442
774
445
961
20
660
127
965
835
807
543
188
838
760
659
628
603
860
289
736
50
358
167
875
442
873
57
243
552
814
212
267
66
100
311
296
567
602
663
515
261
856
174
865
186
503
213
933
889
182
29
76
294
417
869
91
26
125
134
35
198
946
863
62
301
310
663
419
556
80
589
290
971
424
512
80
405
785
392
83
920
572
827
45
893
247
966
395
975
389
113
824
848
980
851
292
894
466
515
7
967
226
878
434
50
772
193
710
760
113
909
629
708
26
102
668
401
837
65
300
367
577
303
518
318
314
159
341
173
576
723
544
176
655
307
986
354
466
640
948
620
677
602
326
30
456
834
539
849
941
404
125
881
262
705
485
821
622
835
537
670
402
64
269
388
220
752
148
764
846
945
299
258
374
479
300
927
835
100
631
882
684
45
419
66
495
457
658
519
796
117
566
890
431
647
652
997
942
52
580
254
729
934
579
163
483
654
299
791
82
797
428
388
596
30
747
22
27
54
722
105
250
587
786
608
804
88
132
296
58
566
512
839
728
872
244
134
192
906
404
468
485
225
906
302
650
96
293
412
53
465
380
293
720
438
493
461
262
862
140
228
874
922
160
58
643
867
337
155
210
55
278
380
40
127
218
621
185
629
273
270
500
840
858
858
408
557
48
33
869
332
230
342
250
807
992
17
457
261
921
510
743
755
938
961
116
539
716
440
520
687
578
415
623
26
82
509
322
214
26
944
471
206
443
967
174
83
238
695
929
323
397
265
714
366
875
999
889
901
518
435
267
479
945
654
400
586
676
70
244
582
485
234
354
924
730
657
810
576
916
95
998
102
706
411
880
624
734
394
346
472
224
419
966
141
573
255
296
505
164
984
342
834
640
25
944
880
323
210
64
738
702
408
338
703
436
246
814
671
46
63
848
682
914
5
738
754
882
557
225
828
848
316
463
433
762
368
437
988
336
40
800
233
85
286
840
303
966
484
730
768
915
411
144
326
197
439
391
454
270
123
30
97
89
656
29
414
694
593
963
293
134
583
90
726
31
606
336
38
526
985
296
378
755
535
642
743
905
250
523
766
188
2
391
661
602
544
659
223
882
748
199
500
9
566
446
322
901
146
707
855
673
654
342
352
477
242
931
112
858
425
46
19
625
15
713
497
442
894
499
862
941
437
531
487
396
223
903
864
948
384
722
968
477
784
616
161
260
466
214
900
808
216
116
19
511
381
668
810
599
124
726
17
488
724
4
395
85
284
948
770
122
407
586
559
644
921
175
284
924
105
215
10
7
661
29
364
30
493
696
833
216
878
976
645
313
154
42
680
48
255
75
907
729
913
424
936
395
372
687
153
335
629
293
198
367
965
551
706
284
777
931
207
958
677
327
900
865
856
275
836
44
728
16
725
311
352
855
973
462
152
889
677
750
377
427
564
373
610
138
516
801
395
260
780
59
680
749
861
343
326
846
991
253
959
829
763
896
902
8
975
513
323
891
538
482
210
879
711
79
47
538
296
743
289
609
501
248
677
363
902
799
983
308
441
621
237
713
532
353
880
468
425
658
344
158
475
282
612
990
247
518
34
769
687
117
884
779
202
327
199
433
223
660
96
325
740
212
770
519
686
196
31
714
777
596
236
73
132
41
470
436
610
389
557
656
781
257
441
368
476
49
817
888
346
972
414
806
699
978
185
60
43
884
587
805
552
305
43
930
922
725
807
213
561
844
112
801
593
15
313
840
249
942
996
497
494
992
558
961
366
790
654
319
893
596
856
582
839
826
65
793
186
320
490
940
548
143
901
992
584
298
93
215
673
92
451
411
67
781
929
511
807
263
890
114
286
417
203
830
458
609
854
22
503
932
850
936
467
482
701
290
109
336
675
844
338
575
734
55
886
40
986
185
574
850
682
829
457
337
448
378
33
587
111
107
503
771
492
106
500
752
927
228
511
258
478
650
454
544
664
614
409
285
268
104
787
382
608
843
301
480
978
706
117
540
892
623
626
302
136
244
646
82
144
336
526
603
670
297
887
340
851
608
416
96
507
750
853
332
731
919
880
821
315
852
445
724
4
333
562
500
524
737
567
219
174
607
798
968
903
80
908
952
106
782
579
416
129
746
808
659
811
257
284
347
940
677
667
207
692
378
25
795
122
817
448
789
918
524
871
524
574
384
971
840
564
952
408
300
370
49
544
223
424
490
793
288
142
902
158
625
722
224
810
107
783
770
891
766
769
444
677
518
221
751
371
823
276
49
942
31
993
76
980
693
1000
386
798
389
47
369
817
636
227
39
210
800
184
840
760
594
437
304
446
719
11
893
269
780
545
152
414
907
313
490
64
558
792
380
284
57
582
232
245
849
568
218
455
912
985
487
639
855
204
81
963
479
608
200
160
455
982
846
916
630
618
358
464
132
937
920
292
709
75
670
879
346
810
30
572
815
112
16
684
190
787
116
590
360
256
486
322
666
78
58
34
788
972
173
219
241
259
253
939
369
877
223
211
490
243
865
921
323
488
22
532
984
684
657
108
959
568
844
378
924
309
403
683
587
704
411
767
263
480
276
344
793
953
984
789
817
516
676
359
211
56
763
179
619
610
797
647
846
904
364
933
134
395
950
599
523
261
894
87
869
780
602
476
95
169
242
630
510
422
136
351
301
958
259
421
178
207
661
627
650
90
602
802
612
714
94
148
362
704
584
890
409
98
755
315
583
277
953
152
564
323
704
595
896
764
554
413
996
619
634
696
308
689
927
755
935
227
624
257
729
558
226
48
669
13
967
644
971
427
979
751
333
76
846
985
698
178
261
254
847
833
816
199
841
103
155
719
842
527
509
554
450
39
13
4
805
712
98
418
678
556
504
712
525
43
284
644
158
980
48
691
308
960
606
849
843
824
377
778
698
669
77
167
210
45
674
691
279
15
394
172
775
43
782
234
848
836
948
708
308
642
725
536
784
50
297
581
42
989
873
60
333
128
29
188
13
475
908
856
564
456
692
451
830
816
800
922
467
339
134
838
635
56
617
543
767
871
14
194
784
215
349
714
857
408
44
940
532
641
78
754
731
678
444
657
699
397
116
845
593
882
462
447
549
43
342
486
833
70
713
345
271
48
937
962
125
978
67
672
132
75
216
761
438
292
923
171
539
382
654
339
605
71
370
462
281
572
132
261
662
17
538
894
343
650
996
289
49
461
434
306
627
644
680
435
481
925
790
817
438
776
895
891
119
601
211
159
635
907
409
554
25
575
404
941
660
362
459
147
135
926
813
928
973
362
605
685
961
24
255
500
116
206
247
736
296
48
787
83
71
15
875
746
705
165
885
156
469
649
817
868
779
483
205
704
767
184
309
53
433
361
697
864
871
87
344
64
145
442
530
934
521
797
384
5
894
845
693
477
390
759
211
928
823
609
200
202
28
63
529
639
13
704
74
27
996
520
255
374
110
114
967
624
589
501
193
821
864
43
191
931
176
907
534
852
481
421
334
875
665
721
142
782
745
630
320
451
601
589
75
565
405
240
687
117
622
401
559
691
343
166
901
138
128
546
730
809
691
557
674
796
174
364
555
333
475
180
76
893
118
927
746
191
208
838
573
542
774
894
9
612
273
781
488
42
719
839
265
135
437
885
688
36
398
29
656
988
703
409
104
198
636
869
249
185
425
527
715
72
256
386
216
596
109
552
209
455
2
888
34
200
381
802
795
542
137
966
526
865
261
957
140
361
35
893
330
747
546
399
599
378
458
565
421
798
916
595
625
338
723
150
12
326
418
927
879
204
190
98
336
914
981
189
286
869
277
278
862
32
592
653
91
714
447
652
99
385
449
659
950
673
152
941
219
527
185
580
94
385
894
88
395
359
26
480
621
167
470
440
497
616
322
813
562
22
962
766
551
849
703
611
270
890
429
764
78
847
421
333
578
841
472
534
351
411
844
962
347
364
44
375
881
558
621
972
908
924
138
513
772
115
330
131
45
697
471
627
453
293
643
389
473
397
51
184
270
966
206
585
804
47
173
969
191
471
315
940
495
339
507
122
112
874
575
993
243
790
641
516
908
711
601
145
166
693
854
153
183
671
569
448
30
485
294
146
120
822
630
812
202
587
854
990
310
67
656
352
631
889
608
165
645
710
200
126
41
55
241
184
837
631
292
860
243
404
119
600
620
627
795
531
37
116
842
83
297
443
137
966
339
843
988
949
391
11
484
418
329
199
214
392
133
634
662
458
197
274
691
439
77
806
990
185
304
62
280
176
592
846
994
445
859
943
621
468
175
903
774
417
713
585
155
493
65
943
674
560
822
146
457
200
971
181
779
2
163
753
889
707
974
760
690
459
682
111
484
174
378
980
165
764
159
473
53
105
273
433
780
225
934
882
880
70
421
18
193
99
759
743
41
207
56
585
631
321
640
314
694
282
315
239
352
635
24
452
278
697
347
750
992
82
419
420
179
269
535
792
569
57
813
345
196
922
44
639
17
208
276
838
440
639
341
219
584
996
707
54
102
227
447
479
46
507
312
126
850
980
455
165
792
236
147
151
972
329
237
463
293
693
795
210
885
432
587
806
625
471
7
14
450
344
376
577
272
39
386
541
368
221
946
623
539
74
963
145
81
681
254
772
739
62
547
977
686
192
559
883
97
999
303
907
958
406
695
827
337
983
929
196
73
754
914
542
561
410
388
802
627
118
224
146
915
130
339
566
721
809
114
253
150
185
188
368
174
48
446
631
394
156
653
613
745
141
684
824
967
594
293
754
733
155
132
967
649
437
21
36
165
97
699
218
804
901
109
328
40
968
704
422
357
292
62
645
381
187
50
731
765
71
932
529
370
11
153
347
94
304
930
31
508
840
458
464
667
663
308
341
770
442
616
104
70
948
342
113
231
498
725
792
157
84
901
714
912
903
994
674
98
609
619
990
859
810
856
997
609
271
604
979
536
258
916
255
600
968
749
227
864
142
706
926
963
289
545
958
931
433
387
229
171
7
192
703
451
988
512
371
252
443
568
256
762
654
994
556
2
920
538
931
113
384
21
247
38
846
239
838
499
953
530
848
395
692
581
437
739
947
76
897
885
53
540
560
214
802
365
712
575
268
843
536
208
51
878
727
664
51
322
679
708
15
68
488
636
812
846
236
887
197
497
853
740
685
492
995
466
851
803
13
340
830
939
96
334
689
18
932
665
59
470
574
144
707
978
32
848
499
243
614
9
104
328
577
715
698
286
220
694
504
44
86
356
21
81
382
326
3
190
92
846
712
573
256
972
387
108
282
250
668
413
692
694
72
962
627
742
156
968
54
445
980
492
468
565
709
191
833
666
511
778
581
931
75
107
348
765
543
103
727
421
763
791
900
283
578
212
800
621
296
486
284
51
377
927
546
709
46
254
264
194
679
515
624
648
948
287
152
177
894
163
186
52
679
984
931
353
847
986
773
881
775
184
424
921
163
430
24
459
622
528
861
894
701
926
546
51
338
366
579
145
315
729
710
706
173
702
582
436
297
855
322
546
852
261
751
670
148
144
349
843
631
233
987
270
833
663
499
307
964
44
37
759
231
766
82
234
612
639
425
844
433
896
373
519
846
623
483
116
756
859
831
387
77
90
383
648
357
919
891
622
560
194
224
920
588
44
435
114
582
490
901
752
719
177
365
612
216
985
410
968
690
37
983
567
327
122
876
556
262
660
564
73
652
883
87
143
913
294
569
785
134
183
822
522
75
588
404
604
474
18
908
172
825
936
812
527
683
17
23
22
998
138
844
650
949
69
133
454
695
327
800
377
753
820
908
301
893
5
527
514
582
289
140
839
616
422
169
785
688
541
652
385
124
504
154
452
231
942
933
582
421
85
728
516
861
35
315
566
241
408
989
370
387
29
571
285
690
949
946
907
119
829
861
730
675
431
296
623
483
530
456
493
657
939
46
297
